-6.729548420720469e-07
-6.221893386250329e-06
-2.0266627855551496e-07
-3.5324487013380367e-06

0.002022808886590521
0.010486721800115083
-0.010560261453655736
-0.0020584363045531686

-0.0020705952099715854
0.0026946097179904507
-0.0031432717957594887
0.0018996584675241193

0.0001560821167629265
0.0007394961698974798
-0.0030809928710948905
0.0010489882642858352

-0.001556785797186001
-6.319167811093173e-05
-0.006841743358978897
0.007643174009384671

0.021797226586603297
-0.022551105954502635
-0.012216750225352594
0.0028323175376731955

-0.0014747368053923955
0.0013167446741274148
-0.00011640228726163448
0.0005346122765984971

-0.015583333821550914
0.008675788984143952
-0.001022066738350705
-0.0016098069926700183

-0.00137209314714105
0.004023255762979952
-0.004455247215133517
0.00308285237400123

0.023240569218872173
-0.020521906960459056
-0.011014801848458156
0.0002878766126441884

