8.508708402719789e-05
-9.767715750582875e-05
-0.000283327590678856
0.00010492255608064881

0.0015371895536574608
0.00795562678963799
-0.007265623671185369
-0.0021400390731599896

-0.06502385112193952
0.08538075005500569
-0.0997210537408873
0.08958000771951087

0.01803168905555868
0.028894042922446544
-0.11684949386384284
0.04211493575686754

-0.0006697410599080273
-0.0010746416994954888
-0.0026732611965942627
0.004030319810045625

0.01663980639841519
-0.015329295741385337
-0.01627460327142531
0.010383887282581673

-0.016386279438719523
0.014289507901674377
-0.012131381263255926
0.020905364377727942

-0.021823299230345018
0.027478767596368206
-0.013652589336727559
0.006690718471341568

-0.04204002697472666
0.09737308767950457
-0.07511620436546679
0.056806456041792554

0.016747894162819885
-0.008430069653720408
-0.008136776451374665
-0.0025731594959131797

